     0   167   169  Created by Fractint Mapmaker v1.0
     2   169   167  (c)1994 by Jack A. Orman
     4   171   165  For non-commercial use only!
     6   173   163
     8   175   161
    10   177   159
    12   179   157
    14   181   155
    16   183   153
    18   185   151
    20   187   149
    22   189   147
    24   191   145
    26   193   143
    28   195   141
    30   197   139
    32   199   137
    34   201   135
    36   203   133
    38   205   131
    40   207   129
    42   209   128
    44   211   126
    46   213   124
    48   215   122
    50   217   120
    52   219   118
    54   221   116
    56   223   114
    58   225   112
    60   227   110
    62   229   108
    64   231   106
    66   233   104
    68   235   102
    70   237   100
    72   239    98
    74   241    96
    76   243    94
    78   245    92
    80   247    90
    82   249    88
    84   251    86
    86   253    84
    88   253    82
    90   251    80
    92   249    78
    94   247    76
    96   245    74
    98   243    72
   100   241    70
   102   239    68
   104   237    66
   106   235    64
   108   233    62
   110   231    60
   112   229    58
   114   227    56
   116   225    54
   118   223    52
   120   221    50
   122   219    48
   124   217    46
   126   215    44
   128   213    42
   129   211    40
   131   209    38
   133   207    36
   135   205    34
   137   203    32
   139   201    30
   141   199    28
   143   197    26
   145   195    24
   147   193    22
   149   191    20
   151   189    18
   153   187    16
   155   185    14
   157   183    12
   159   181    10
   161   179     8
   163   177     6
   165   175     4
   167   173     2
   169   171     0
   171   169     0
   173   167     2
   175   165     4
   177   163     6
   179   161     8
   181   159    10
   183   157    12
   185   155    14
   187   153    16
   189   151    18
   191   149    20
   193   147    22
   195   145    24
   197   143    26
   199   141    28
   201   139    30
   203   137    32
   205   135    34
   207   133    36
   209   131    38
   211   129    40
   213   128    42
   215   126    44
   217   124    46
   219   122    48
   221   120    50
   223   118    52
   225   116    54
   227   114    56
   229   112    58
   231   110    60
   233   108    62
   235   106    64
   237   104    66
   239   102    68
   241   100    70
   243    98    72
   245    96    74
   247    94    76
   249    92    78
   251    90    80
   253    88    82
   253    86    84
   251    84    86
   249    82    88
   247    80    90
   245    78    92
   243    76    94
   241    74    96
   239    72    98
   237    70   100
   235    68   102
   233    66   104
   231    64   106
   229    62   108
   227    60   110
   225    58   112
   223    56   114
   221    54   116
   219    52   118
   217    50   120
   215    48   122
   213    46   124
   211    44   126
   209    42   128
   207    40   129
   205    38   131
   203    36   133
   201    34   135
   199    32   137
   197    30   139
   195    28   141
   193    26   143
   191    24   145
   189    22   147
   187    20   149
   185    18   151
   183    16   153
   181    14   155
   179    12   157
   177    10   159
   175     8   161
   173     6   163
   171     4   165
   169     2   167
   167     0   169
   165     0   171
   163     2   173
   161     4   175
   159     6   177
   157     8   179
   155    10   181
   153    12   183
   151    14   185
   149    16   187
   147    18   189
   145    20   191
   143    22   193
   141    24   195
   139    26   197
   137    28   199
   135    30   201
   133    32   203
   131    34   205
   129    36   207
   128    38   209
   126    40   211
   124    42   213
   122    44   215
   120    46   217
   118    48   219
   116    50   221
   114    52   223
   112    54   225
   110    56   227
   108    58   229
   106    60   231
   104    62   233
   102    64   235
   100    66   237
    98    68   239
    96    70   241
    94    72   243
    92    74   245
    90    76   247
    88    78   249
    86    80   251
    84    82   253
    82    84   253
    80    86   251
    78    88   249
    76    90   247
    74    92   245
    72    94   243
    70    96   241
    68    98   239
    66   100   237
    64   102   235
    62   104   233
    60   106   231
    58   108   229
    56   110   227
    54   112   225
    52   114   223
    50   116   221
    48   118   219
    46   120   217
    44   122   215
    42   124   213
    40   126   211
    38   128   209
    36   129   207
    34   131   205
    32   133   203
    30   135   201
    28   137   199
    26   139   197
    24   141   195
    22   143   193
    20   145   191
    18   147   189
    16   149   187
    14   151   185
    12   153   183
    10   155   181
     8   157   179
     6   159   177
     4   161   175
     2   163   173
     0   165   171

Demo map created for distribution of Mapmaker v1.0
You may enter 3 lines of comments
By hitting the F4 key while running Mapmaker

      Red      Green    Blue
      Triang   Triang   Triang
Min       0       0       0
Max     255     255     255
Phase     0      60     120
Thresh    0       0       0

 License for commercial use or resale is available from
  Jack A. Orman
  P.O. Box 858
  Southaven, MS 38671
